	[48;2;198;219;129;38;2;0;0;0m    8  [0m[48;2;198;210;128;38;2;0;0;0m    8  [0m[48;2;198;189;127;38;2;0;0;0m    6  [0m[48;2;198;234;130;38;2;0;0;0m    4  [0m[48;2;198;205;128;38;2;0;0;0m    3  [0m[48;2;198;190;127;38;2;0;0;0m    7  [0m[48;2;198;128;127;38;2;0;0;0m    5  [0m[48;2;198;160;131;38;2;0;0;0m    1  [0m[48;2;198;246;128;38;2;0;0;0m    4  [0m[48;2;198;201;128;38;2;0;0;0m    9  [0m
[frame]
	[48;2;198;219;129;38;2;0;0;0m    8  [0m[48;2;198;189;127;38;2;0;0;0m    6  [0m[48;2;198;210;128;38;2;0;0;0m    8  [0m[48;2;198;234;130;38;2;0;0;0m    4  [0m[48;2;198;205;128;38;2;0;0;0m    3  [0m[48;2;198;190;127;38;2;0;0;0m    7  [0m[48;2;198;128;127;38;2;0;0;0m    5  [0m[48;2;198;160;131;38;2;0;0;0m    1  [0m[48;2;198;246;128;38;2;0;0;0m    4  [0m[48;2;198;201;128;38;2;0;0;0m    9  [0m
[frame]
	[48;2;198;219;129;38;2;0;0;0m    8  [0m[48;2;198;189;127;38;2;0;0;0m    6  [0m[48;2;198;246;128;38;2;0;0;0m    4  [0m[48;2;198;234;130;38;2;0;0;0m    4  [0m[48;2;198;205;128;38;2;0;0;0m    3  [0m[48;2;198;190;127;38;2;0;0;0m    7  [0m[48;2;198;128;127;38;2;0;0;0m    5  [0m[48;2;198;160;131;38;2;0;0;0m    1  [0m[48;2;198;210;128;38;2;0;0;0m    8  [0m[48;2;198;201;128;38;2;0;0;0m    9  [0m
[frame]
	[48;2;198;219;129;38;2;0;0;0m    8  [0m[48;2;198;189;127;38;2;0;0;0m    6  [0m[48;2;198;246;128;38;2;0;0;0m    4  [0m[48;2;198;234;130;38;2;0;0;0m    4  [0m[48;2;198;210;128;38;2;0;0;0m    8  [0m[48;2;198;190;127;38;2;0;0;0m    7  [0m[48;2;198;128;127;38;2;0;0;0m    5  [0m[48;2;198;160;131;38;2;0;0;0m    1  [0m[48;2;198;205;128;38;2;0;0;0m    3  [0m[48;2;198;201;128;38;2;0;0;0m    9  [0m
[frame]
	[48;2;198;219;129;38;2;0;0;0m    8  [0m[48;2;198;189;127;38;2;0;0;0m    6  [0m[48;2;198;246;128;38;2;0;0;0m    4  [0m[48;2;198;234;130;38;2;0;0;0m    4  [0m[48;2;198;128;127;38;2;0;0;0m    5  [0m[48;2;198;190;127;38;2;0;0;0m    7  [0m[48;2;198;210;128;38;2;0;0;0m    8  [0m[48;2;198;160;131;38;2;0;0;0m    1  [0m[48;2;198;205;128;38;2;0;0;0m    3  [0m[48;2;198;201;128;38;2;0;0;0m    9  [0m
[frame]
	[48;2;198;219;129;38;2;0;0;0m    8  [0m[48;2;198;189;127;38;2;0;0;0m    6  [0m[48;2;198;246;128;38;2;0;0;0m    4  [0m[48;2;198;234;130;38;2;0;0;0m    4  [0m[48;2;198;128;127;38;2;0;0;0m    5  [0m[48;2;198;190;127;38;2;0;0;0m    7  [0m[48;2;198;160;131;38;2;0;0;0m    1  [0m[48;2;198;210;128;38;2;0;0;0m    8  [0m[48;2;198;205;128;38;2;0;0;0m    3  [0m[48;2;198;201;128;38;2;0;0;0m    9  [0m
[frame]
	[48;2;198;219;129;38;2;0;0;0m    8  [0m[48;2;198;189;127;38;2;0;0;0m    6  [0m[48;2;198;210;128;38;2;0;0;0m    8  [0m[48;2;198;234;130;38;2;0;0;0m    4  [0m[48;2;198;128;127;38;2;0;0;0m    5  [0m[48;2;198;190;127;38;2;0;0;0m    7  [0m[48;2;198;160;131;38;2;0;0;0m    1  [0m[48;2;198;246;128;38;2;0;0;0m    4  [0m[48;2;198;205;128;38;2;0;0;0m    3  [0m[48;2;198;201;128;38;2;0;0;0m    9  [0m
[frame]
	[48;2;198;219;129;38;2;0;0;0m    8  [0m[48;2;198;190;127;38;2;0;0;0m    7  [0m[48;2;198;210;128;38;2;0;0;0m    8  [0m[48;2;198;234;130;38;2;0;0;0m    4  [0m[48;2;198;128;127;38;2;0;0;0m    5  [0m[48;2;198;189;127;38;2;0;0;0m    6  [0m[48;2;198;160;131;38;2;0;0;0m    1  [0m[48;2;198;246;128;38;2;0;0;0m    4  [0m[48;2;198;205;128;38;2;0;0;0m    3  [0m[48;2;198;201;128;38;2;0;0;0m    9  [0m
[frame]
	[48;2;198;219;129;38;2;0;0;0m    8  [0m[48;2;198;246;128;38;2;0;0;0m    4  [0m[48;2;198;210;128;38;2;0;0;0m    8  [0m[48;2;198;234;130;38;2;0;0;0m    4  [0m[48;2;198;128;127;38;2;0;0;0m    5  [0m[48;2;198;189;127;38;2;0;0;0m    6  [0m[48;2;198;160;131;38;2;0;0;0m    1  [0m[48;2;198;190;127;38;2;0;0;0m    7  [0m[48;2;198;205;128;38;2;0;0;0m    3  [0m[48;2;198;201;128;38;2;0;0;0m    9  [0m
[frame]
	[48;2;198;219;129;38;2;0;0;0m    8  [0m[48;2;198;246;128;38;2;0;0;0m    4  [0m[48;2;198;210;128;38;2;0;0;0m    8  [0m[48;2;198;234;130;38;2;0;0;0m    4  [0m[48;2;198;128;127;38;2;0;0;0m    5  [0m[48;2;198;189;127;38;2;0;0;0m    6  [0m[48;2;198;160;131;38;2;0;0;0m    1  [0m[48;2;198;205;128;38;2;0;0;0m    3  [0m[48;2;198;190;127;38;2;0;0;0m    7  [0m[48;2;198;201;128;38;2;0;0;0m    9  [0m
[frame]
	[48;2;198;219;129;38;2;0;0;0m    8  [0m[48;2;198;246;128;38;2;0;0;0m    4  [0m[48;2;198;128;127;38;2;0;0;0m    5  [0m[48;2;198;234;130;38;2;0;0;0m    4  [0m[48;2;198;210;128;38;2;0;0;0m    8  [0m[48;2;198;189;127;38;2;0;0;0m    6  [0m[48;2;198;160;131;38;2;0;0;0m    1  [0m[48;2;198;205;128;38;2;0;0;0m    3  [0m[48;2;198;190;127;38;2;0;0;0m    7  [0m[48;2;198;201;128;38;2;0;0;0m    9  [0m
[frame]
	[48;2;198;219;129;38;2;0;0;0m    8  [0m[48;2;198;246;128;38;2;0;0;0m    4  [0m[48;2;198;128;127;38;2;0;0;0m    5  [0m[48;2;198;234;130;38;2;0;0;0m    4  [0m[48;2;198;160;131;38;2;0;0;0m    1  [0m[48;2;198;189;127;38;2;0;0;0m    6  [0m[48;2;198;210;128;38;2;0;0;0m    8  [0m[48;2;198;205;128;38;2;0;0;0m    3  [0m[48;2;198;190;127;38;2;0;0;0m    7  [0m[48;2;198;201;128;38;2;0;0;0m    9  [0m
[frame]
	[48;2;198;219;129;38;2;0;0;0m    8  [0m[48;2;198;210;128;38;2;0;0;0m    8  [0m[48;2;198;128;127;38;2;0;0;0m    5  [0m[48;2;198;234;130;38;2;0;0;0m    4  [0m[48;2;198;160;131;38;2;0;0;0m    1  [0m[48;2;198;189;127;38;2;0;0;0m    6  [0m[48;2;198;246;128;38;2;0;0;0m    4  [0m[48;2;198;205;128;38;2;0;0;0m    3  [0m[48;2;198;190;127;38;2;0;0;0m    7  [0m[48;2;198;201;128;38;2;0;0;0m    9  [0m
[frame]
	[48;2;198;219;129;38;2;0;0;0m    8  [0m[48;2;198;210;128;38;2;0;0;0m    8  [0m[48;2;198;128;127;38;2;0;0;0m    5  [0m[48;2;198;234;130;38;2;0;0;0m    4  [0m[48;2;198;160;131;38;2;0;0;0m    1  [0m[48;2;198;246;128;38;2;0;0;0m    4  [0m[48;2;198;189;127;38;2;0;0;0m    6  [0m[48;2;198;205;128;38;2;0;0;0m    3  [0m[48;2;198;190;127;38;2;0;0;0m    7  [0m[48;2;198;201;128;38;2;0;0;0m    9  [0m
[frame]
	[48;2;198;219;129;38;2;0;0;0m    8  [0m[48;2;198;210;128;38;2;0;0;0m    8  [0m[48;2;198;128;127;38;2;0;0;0m    5  [0m[48;2;198;234;130;38;2;0;0;0m    4  [0m[48;2;198;160;131;38;2;0;0;0m    1  [0m[48;2;198;246;128;38;2;0;0;0m    4  [0m[48;2;198;205;128;38;2;0;0;0m    3  [0m[48;2;198;189;127;38;2;0;0;0m    6  [0m[48;2;198;190;127;38;2;0;0;0m    7  [0m[48;2;198;201;128;38;2;0;0;0m    9  [0m
[frame]
	[48;2;198;219;129;38;2;0;0;0m    8  [0m[48;2;198;210;128;38;2;0;0;0m    8  [0m[48;2;198;190;127;38;2;0;0;0m    7  [0m[48;2;198;234;130;38;2;0;0;0m    4  [0m[48;2;198;160;131;38;2;0;0;0m    1  [0m[48;2;198;246;128;38;2;0;0;0m    4  [0m[48;2;198;205;128;38;2;0;0;0m    3  [0m[48;2;198;189;127;38;2;0;0;0m    6  [0m[48;2;198;128;127;38;2;0;0;0m    5  [0m[48;2;198;201;128;38;2;0;0;0m    9  [0m
[frame]
	[48;2;198;219;129;38;2;0;0;0m    8  [0m[48;2;198;210;128;38;2;0;0;0m    8  [0m[48;2;198;160;131;38;2;0;0;0m    1  [0m[48;2;198;234;130;38;2;0;0;0m    4  [0m[48;2;198;190;127;38;2;0;0;0m    7  [0m[48;2;198;246;128;38;2;0;0;0m    4  [0m[48;2;198;205;128;38;2;0;0;0m    3  [0m[48;2;198;189;127;38;2;0;0;0m    6  [0m[48;2;198;128;127;38;2;0;0;0m    5  [0m[48;2;198;201;128;38;2;0;0;0m    9  [0m
[frame]
	[48;2;198;219;129;38;2;0;0;0m    8  [0m[48;2;198;210;128;38;2;0;0;0m    8  [0m[48;2;198;160;131;38;2;0;0;0m    1  [0m[48;2;198;234;130;38;2;0;0;0m    4  [0m[48;2;198;246;128;38;2;0;0;0m    4  [0m[48;2;198;190;127;38;2;0;0;0m    7  [0m[48;2;198;205;128;38;2;0;0;0m    3  [0m[48;2;198;189;127;38;2;0;0;0m    6  [0m[48;2;198;128;127;38;2;0;0;0m    5  [0m[48;2;198;201;128;38;2;0;0;0m    9  [0m
[frame]
	[48;2;198;219;129;38;2;0;0;0m    8  [0m[48;2;198;210;128;38;2;0;0;0m    8  [0m[48;2;198;160;131;38;2;0;0;0m    1  [0m[48;2;198;234;130;38;2;0;0;0m    4  [0m[48;2;198;205;128;38;2;0;0;0m    3  [0m[48;2;198;190;127;38;2;0;0;0m    7  [0m[48;2;198;246;128;38;2;0;0;0m    4  [0m[48;2;198;189;127;38;2;0;0;0m    6  [0m[48;2;198;128;127;38;2;0;0;0m    5  [0m[48;2;198;201;128;38;2;0;0;0m    9  [0m
[frame]
	[48;2;198;219;129;38;2;0;0;0m    8  [0m[48;2;198;210;128;38;2;0;0;0m    8  [0m[48;2;198;160;131;38;2;0;0;0m    1  [0m[48;2;198;234;130;38;2;0;0;0m    4  [0m[48;2;198;205;128;38;2;0;0;0m    3  [0m[48;2;198;190;127;38;2;0;0;0m    7  [0m[48;2;198;246;128;38;2;0;0;0m    4  [0m[48;2;198;128;127;38;2;0;0;0m    5  [0m[48;2;198;189;127;38;2;0;0;0m    6  [0m[48;2;198;201;128;38;2;0;0;0m    9  [0m
[frame]
	[48;2;198;219;129;38;2;0;0;0m    8  [0m[48;2;198;210;128;38;2;0;0;0m    8  [0m[48;2;198;189;127;38;2;0;0;0m    6  [0m[48;2;198;234;130;38;2;0;0;0m    4  [0m[48;2;198;205;128;38;2;0;0;0m    3  [0m[48;2;198;190;127;38;2;0;0;0m    7  [0m[48;2;198;246;128;38;2;0;0;0m    4  [0m[48;2;198;128;127;38;2;0;0;0m    5  [0m[48;2;198;160;131;38;2;0;0;0m    1  [0m[48;2;198;201;128;38;2;0;0;0m    9  [0m
[frame]
	[48;2;198;219;129;38;2;0;0;0m    8  [0m[48;2;198;210;128;38;2;0;0;0m    8  [0m[48;2;198;246;128;38;2;0;0;0m    4  [0m[48;2;198;234;130;38;2;0;0;0m    4  [0m[48;2;198;205;128;38;2;0;0;0m    3  [0m[48;2;198;190;127;38;2;0;0;0m    7  [0m[48;2;198;189;127;38;2;0;0;0m    6  [0m[48;2;198;128;127;38;2;0;0;0m    5  [0m[48;2;198;160;131;38;2;0;0;0m    1  [0m[48;2;198;201;128;38;2;0;0;0m    9  [0m
[frame]
	[48;2;198;219;129;38;2;0;0;0m    8  [0m[48;2;198;210;128;38;2;0;0;0m    8  [0m[48;2;198;246;128;38;2;0;0;0m    4  [0m[48;2;198;234;130;38;2;0;0;0m    4  [0m[48;2;198;205;128;38;2;0;0;0m    3  [0m[48;2;198;190;127;38;2;0;0;0m    7  [0m[48;2;198;189;127;38;2;0;0;0m    6  [0m[48;2;198;160;131;38;2;0;0;0m    1  [0m[48;2;198;128;127;38;2;0;0;0m    5  [0m[48;2;198;201;128;38;2;0;0;0m    9  [0m
[frame]
	[48;2;198;219;129;38;2;0;0;0m    8  [0m[48;2;198;210;128;38;2;0;0;0m    8  [0m[48;2;198;128;127;38;2;0;0;0m    5  [0m[48;2;198;234;130;38;2;0;0;0m    4  [0m[48;2;198;205;128;38;2;0;0;0m    3  [0m[48;2;198;190;127;38;2;0;0;0m    7  [0m[48;2;198;189;127;38;2;0;0;0m    6  [0m[48;2;198;160;131;38;2;0;0;0m    1  [0m[48;2;198;246;128;38;2;0;0;0m    4  [0m[48;2;198;201;128;38;2;0;0;0m    9  [0m
[frame]
	[48;2;198;219;129;38;2;0;0;0m    8  [0m[48;2;198;210;128;38;2;0;0;0m    8  [0m[48;2;198;128;127;38;2;0;0;0m    5  [0m[48;2;198;234;130;38;2;0;0;0m    4  [0m[48;2;198;205;128;38;2;0;0;0m    3  [0m[48;2;198;190;127;38;2;0;0;0m    7  [0m[48;2;198;189;127;38;2;0;0;0m    6  [0m[48;2;198;246;128;38;2;0;0;0m    4  [0m[48;2;198;160;131;38;2;0;0;0m    1  [0m[48;2;198;201;128;38;2;0;0;0m    9  [0m
[frame]
	[48;2;198;219;129;38;2;0;0;0m    8  [0m[48;2;198;210;128;38;2;0;0;0m    8  [0m[48;2;198;128;127;38;2;0;0;0m    5  [0m[48;2;198;234;130;38;2;0;0;0m    4  [0m[48;2;198;160;131;38;2;0;0;0m    1  [0m[48;2;198;190;127;38;2;0;0;0m    7  [0m[48;2;198;189;127;38;2;0;0;0m    6  [0m[48;2;198;246;128;38;2;0;0;0m    4  [0m[48;2;198;205;128;38;2;0;0;0m    3  [0m[48;2;198;201;128;38;2;0;0;0m    9  [0m
[frame]
